500 5
3918352759 8027159367 3251511498 5208547388 4719725882
5631556797 3691234682 4493639428 5103564300 8294431335
9664276873 9345375834 4481398155 9389351252 9585690950
6320435290 7895372968 5471272641 3702583147 6686416575
8691526235 5858221573 4951209975 3635316061 7683846591
8528538812 9251767203 3984858127 5656436611 9091844600
5648186718 5574679056 7826140209 8581341467 5081367868
6303627800 5475111683 8509864587 8674602958 9563081362
7993142992 3058927181 8068596383 7982518476 7338184601
3898781151 5656157866 3010619730 4865719112 3609607994
9175339789 5396701248 8973516377 7600171996 8792004266
9603659779 8434492031 5706645590 7132904320 5240506988
8729742492 9987273725 7369430561 3619938780 5043843837
9630204318 9760752593 9706556166 3590252753 3671550061
6317734183 4658415656 9972495499 9679819482 7354923163
8845512648 7661774740 8101596018 9510615406 6299912658
5615196761 5807341294 4179875581 3218466198 4760228740
9555020810 6580432066 3431294147 8615684779 8569423340
7814168772 7262587686 8040392563 9423382078 3243403401
7366107538 4785868323 3412828659 3163510695 7449374309
5587436883 3764063487 8195513195 3906131812 8522691891
9009776453 9905073687 8601962941 8889877410 8409970940
9653552203 5376677176 7316474113 9925734805 9974673451
9064508692 6835416676 9027290276 4692792285 5395983606
9217451464 3816737534 7397098084 3822508291 6715741204
9785057029 3505694272 6441375645 8590240027 7914031790
4989234441 3191243863 3753248365 5188547982 5600120633
5953045265 4977722680 7441561325 5332785957 9007036347
3458353654 4554299763 9645983264 3908584287 3526761710
9161915585 3220199849 5686304065 6941243637 6724907611
7700182122 8135578162 8748426658 9074844183 6987882481
9143731164 6018249167 5174103051 3481159268 6465752460
5580488443 6400536914 6816425266 6292770880 8479770856
9513254379 5967387468 8569892690 7802403015 3015428693
8327545061 4709522906 8055526986 6310833633 5278816400
5218767359 3303668252 8664161300 8136482954 7405028164
4844904933 4467711302 6568323258 8192707999 5850217396
8684401480 4751998760 8570218931 6681047493 6694380565
6861556829 8974974262 6000036471 9057931096 8577491488
8561930514 7072786234 3688497635 5492548884 5621977690
3879839083 3901393490 4878187704 8767896684 8642914230
4468267421 8287765129 5251956054 3171082942 7067323716
3662588478 7161789493 8469289904 6053016983 3231974232
3665848074 5846397092 7297393702 4912695594 4204702472
5761181429 8315615683 9884089228 4744133025 3167881001
3601961323 3997186920 5434160436 5646407765 3295105083
7741692134 6253454219 8833208139 8620133406 8594128057
3967814679 8944802073 8215154427 5595861559 8712802967
8327227675 8240087809 5828753115 3932919894 5599782349
6110349215 5961220818 5884464071 9752381161 7814394572
3605397567 6526424863 5395230796 8648368146 3026809867
5300464906 6754255484 5979118733 4802701370 3095913933
4347581180 4466906446 8975456952 7602039762 8313123638
6389338210 3435281930 9795141934 8964058812 5476006081
8743907102 6985993921 4868962787 3021932159 9005946243
7170305159 6419564754 3978902591 8394705091 5782640641
5233739776 3944761153 3806988461 5080023692 6044603139
5345852209 6927862467 9196764662 9649993726 7049037760
3107874873 9369449956 3227903751 7989257541 7294144243
4548162017 3712815721 4515086323 7154344488 3819547149
5291627546 5886428903 5509527207 5207335014 4333228005
8961949200 3583132420 7772906330 5722827304 5339515221
8069367762 7609566355 6950349778 9660650289 4172124213
8589887741 7833320110 6023073992 7697227362 3862243778
4843572866 4217263060 7995204775 8051508019 5036494873
5193618189 4491668069 9487879904 4383487907 4057496261
3240165253 6602655007 9835788887 8899861621 4350983214
7998255437 5426923098 4975475322 9592455569 5625443022
6516336228 3111905193 8229280040 3346957599 9146276082
7400112975 3135246404 6446492772 4639971649 4952131718
6736739118 8006346307 7314410584 7137378191 5905316864
5336220087 7690532601 7070372400 5465162461 9534148305
6914587384 4278607756 5589433407 5298902806 7147157325
5397820786 3436627280 6846623734 8576469875 8169963528
7174863532 9966627799 4994669063 8063913255 7759939130
7826652836 8860966767 8569195966 4212856739 8905352026
4905423008 5971955016 9313232431 3686037473 6380811055
6919144358 3327351538 9219308805 5799706243 6227705305
9060531836 4578870859 5240008711 9818783996 4836226312
6814687705 6651277227 7793120816 3667963365 9159444722
9683896608 4384888384 4978043444 5761774325 4481024775
7538861736 5628095479 3618538273 9898645124 9006373164
9349341991 3079814882 6323411845 9481628002 4743740204
9218928732 5262429544 7467086082 3913098816 4935241961
9632958558 6452912509 8111457469 9319322358 5070293102
4001975364 5279233947 4063958193 8584284117 9872343253
5130784493 4530235345 7729253964 5519371454 9591445201
6743271586 7542133173 9615170493 6929525573 3784208212
3309023155 5936180041 7539862923 5601651229 7586435193
4416488480 4366748485 7398362951 5544976449 8812529707
9365561813 4936219326 8918387828 3716870653 7046566400
7471833751 5918847373 6861111075 7764366610 5886543115
6101548738 7427807255 9939299184 8201553001 5583528203
3909952421 9878320985 7255754657 4875268550 6671158925
4765776512 6426070320 8720697270 6451640410 4046581863
9732694306 7943260426 6294179909 5575706618 4295831863
6376491680 6309016632 7313263255 3784486583 5361739421
9846021247 6101070226 7598251932 4057450116 9030711090
3825276827 9596543042 7558925872 6353077257 5360335897
7323233671 6177530798 5432383659 3251288512 5800743107
5404302161 5821152499 7600274514 8029121602 5668636891
5299961952 7755851288 7866137804 6588471803 3126228376
6212852333 9645535877 3700270815 9234025423 3185095667
3302615426 6099336315 3874500484 4758689695 5498508247
8612100435 6167090558 5165479116 4753079816 6578258776
5883007383 4636110480 4573091851 4832214634 9738644365
7852495710 3218436394 6149733286 7667646758 3314373306
6076240452 8041486737 3834298307 9534111246 8281602331
5993504793 7798234946 9428405134 4732938703 7569321499
6554306160 9067300712 6067896219 7400663394 4789115452
9617575855 8310718298 6435707411 4675516976 6606620218
3548005367 7285039879 9931175492 6468259948 3215063390
9757832554 5814839135 5413146362 7142365690 5106443647
4515635593 7053987409 9516717767 8507802533 8308656496
9203187532 7389846015 5534918040 9896457703 9838458449
6261499211 7220875096 5967789972 4738991321 3574832556
6812890151 8555584903 4645027900 3331799421 6261938839
3338244200 3572342378 7869643040 9674897278 9234951844
7096306731 4549931330 7669353825 5086440672 3075574288
5527140364 6313290658 4079845670 5780828863 9459857897
4199522795 3001386174 4136362420 8488709780 3481560613
5844536303 3236724664 3364830579 6724879313 6598153948
4161278477 4496579461 8108494712 7480990157 3508716901
6406026992 4949957902 4542599687 9804040442 5927994545
7676877231 9239788341 8327563531 3857657206 3574835691
8585527531 6893437090 7637382615 8389735509 4281150373
4082010926 5809934931 3605358909 3002144111 6987458195
5111967051 9895307544 9873036007 4367884472 5617462724
8398852591 6311689577 3673662237 6279754898 5270527579
8721833943 3135149524 8604934057 4265719156 9794995319
5692889023 8976759255 7775200264 9270389145 7469789072
5186913430 6901408102 3149647697 4471798265 3891582514
5252365470 8365656094 6792651982 6964169642 5099713039
7572183657 4849698963 6328997873 4362946217 3662773968
7513727425 8706646109 5043298849 5711688464 6175945520
5845568134 6373242130 5107390428 3052984429 5898581514
8483671384 5006287857 3096924616 4050560893 7703576047
5449562788 4024187831 8096015516 5185861822 8464277840
6150242329 7625142552 7037812188 6303788655 7261550679
5924496804 8086281959 5424375995 9535653760 4749203303
7593347365 7733990376 7397451145 6022862232 9233017090
7506076524 4354573716 5819498672 6872789169 3203705729
8543174884 7749657691 4783460881 4680613601 8257702031
6127989105 5317100442 5198368053 6576959080 3152966696
6227765870 4855967688 8515576484 4064364724 4055084046
6342211517 7909177539 6656453488 4381325591 7844147520
7315426852 7391245206 5954646497 8355331655 8828501953
4584850923 7083308675 8231362238 3972642746 6872892732
3166561808 5992142105 4142420765 3727960602 9104247426
4805517180 3337462779 4993832763 6960346145 4399936520
9340334319 4145375052 6322156069 7556017195 8584746946
3151652765 7398850138 3751105345 7864410030 4896281548
5447762686 3639994627 5717269710 8674548989 6377499755
7067354657 4312642032 5612270247 8973081926 7963814351
8917055671 5325213596 6049840435 4609568563 3411960256
8311178912 5261701137 8705206619 6232562995 5948780543
6334709954 5975902893 5368817290 6329421456 6784757680
5575859506 5298132273 9053240786 9426389222 5919566339
4282332954 3331033742 4405670589 8977723316 3933500717
3143869147 8720526820 3722230839 8440025759 7833880981
5879551652 4072479909 8941764105 9701041958 9784248166
7456610472 7388670281 3355106364 5143807369 4562234634
5392610582 4743457676 8198083229 9751296347 9712925992
6766863793 4059110755 5999109884 3527670674 7801407670
9997271218 6085395548 6100872306 7032946801 3616055730
8085122344 3315523324 3809506199 3380662208 8958874268
4230319527 3847350974 9561282321 9887016918 7604220983
5140299767 5809277440 9593505798 7449715815 4274911244
6539062034 5967186903 4852661804 5454392009 5184181290
5008737308 4033589789 4931675946 9563771919 7255480576
9322976606 8239153733 3442711318 4759835559 4273618786
4613829910 6763821322 8398418663 7616496978 7562071910
9652855483 8878820129 5622302039 3864978212 5635192092
7921029960 8411012066 4922267118 9787478837 8591424576
3132959708 7489010814 7687603879 9829093979 3998668962
6067559707 8767682579 3848296444 7101637101 7092191551
9497187215 5038651492 9355463103 3470889906 3657075294
9462349244 9735235137 7026041166 5580473343 8962579735
4823026139 5273499981 3356775563 5843491494 9374731896
4160769533 3535673159 7303184711 4370394855 9488771055
7463366304 3491502535 7731349005 4562908029 8144126921
3435426485 3152572654 4013190189 7362709330 5212502030
7894522748 7512540716 4599584211 8569188233 7999475237
4512569942 7129670837 7424283396 3097993890 3135406280
6693426720 5273193924 9895207036 5806290627 8855880637
9471115604 7508306045 7726819715 9473917495 9154105431
7417660034 9891303314 7174554190 3199639031 7721345931
4488299396 4571393387 6862270792 5838761393 9599791280
5620184390 3169733249 8215212285 6847514124 9039867207
6325379065 8852774761 7860123597 9905625090 7533953640
3238175189 9692495162 9503190358 3337651826 5254247835
9184946096 4215460291 5099296181 5665277398 7978642535
9311846783 7942400776 3158968125 5552618274 3776995033
9118394113 3252037314 4504393712 5239624698 8835246551
5986439419 8689010953 8745028360 6064586505 8517347455
4758362808 8787769748 4742134632 3779899066 7661340793
3819660464 8055304029 8062632558 3887503790 7832083824
4971119404 3558561529 5591657450 4261677727 6317588439
6583303193 6254008129 4098634762 7633973596 7459405385
6653734150 7603218429 4711904641 6739177334 8876163830
5885324803 5990165497 5377130591 3962553672 8313791211
7123130214 9391163209 4839780351 9889821806 5132927795
3691566369 3510382737 3521082965 4600218856 3439495374
9669678146 9378821357 8576485007 3044777683 3851308214
5588647597 7983215423 8325512515 5913460377 7330499614
3120558732 7295104196 3070516337 9995451035 8531262360
6731011053 8535612844 4741058240 8523755244 8370014578
5054317599 9519653148 4706055432 6441792419 6472653978
8008551584 8482212295 8946424702 8400174863 5902468584
5671133457 9445122044 4929505329 3354547982 3744169117
6620764391 6337894541 5919423844 6727558524 7486290609
9925319704 8574414766 5456340647 3852752715 7115927841
4197850061 6300535495 9011760576 9995979297 5311608941
6528666210 6383877183 8885428779 8021606244 7606771689
9772980134 3165227759 7515325377 6720275191 6413171791
8177241422 8191124935 9169844887 7030814287 7252995977
7212136537 4387449880 7240215993 8881858042 6040299206
3285569948 3565496195 4255732752 4601188585 6757382287
8537444394 8266000635 9418651265 8135193361 9146340424
5355702160 9234769850 9970207544 8010665401 5377131432
6983742109 9340285257 7108130695 3008360078 5705764072
9429109822 8174383344 7862410133 5404717334 3896585968
3510355904 9870214070 9729438247 7270410560 6834443196
6828538151 5382846617 8419531433 8590548284 7095208667
6037597146 4823584628 7352681810 7001256006 5898751244
3638378203 8022090209 9550458662 9085673246 8777146355
3840952788 9809094795 5911738358 3019217021 7109175978
4665597714 9891657387 8746134244 8246183956 4839044080
9840359576 4049445900 7871208493 7694795254 9363350733
4689487188 7296227490 5526416910 9977799989 8251358625
6374679350 3129348533 4354323206 7694386556 7432761147
7075724914 6179020063 4230713754 6273403118 6976364315
9567301865 8811226290 3456896856 8602674505 3107202218
6168521656 8203333619 6806108111 6469878861 7615501768
5843811785 9429546968 7056430642 4321414564 7385529360
5624254548 9991500303 7970964524 9523576678 4279620643
7776173582 3618142161 6553733120 8169700986 3817343823
8066243593 6835891275 9649807402 9348112137 7935707128
9782521718 7009251488 4942465725 6700932986 7663792280
5838126141 7285028056 9844903259 6827761709 7793897085
6061027286 5880683719 7026281252 7918052392 9913574361
9978873664 5563844108 8596517292 6087284662 7538309652
6274661804 5089303354 7353639149 9249016382 3525968850
4018225335 3908609839 5278144313 8459218142 3361901657
3798667414 9932038634 9946849955 6429786982 3598070704
7259385526 8941529366 5909920291 8403985863 4836765194
7907118168 8644332410 3805932817 9058077093 4680960315
6597139677 9655695835 7100797681 8171968934 5871493499
8537911246 4894618231 5733401170 3638489551 8533002594
9071018333 4026935880 8896892281 9169096912 7443724069
6534132508 7670621550 4740291356 3574056415 7741236688
3679506175 9005711938 3889719653 9933440243 3655860989
3591697540 8215369935 7086066896 8791471475 4123606497
6677676362 3698271545 6584634464 3262905241 3464167865
8600271206 5319647412 9330773208 7757566308 7305728812
7847264229 3669396005 3333760743 6513124607 4924355916
8653233168 3236838855 3332678269 6861069800 7710298993
8592660296 7131699814 4298317297 8185061981 3131533055
4242651409 9160608714 9232677348 3420662215 3564247950
4544469738 6120453715 3715637574 5824860116 9690940433
8126252793 3079958058 5859534780 5878573971 8832630713
5853580273 6315013905 9426081447 9603505894 9734263133
8463169449 8114196871 4294046817 5481996100 8706171851
3512324902 4616673105 8971537640 3675625952 5380059297
6581454629 8507612273 4858454359 6162656480 9801417055
9160608272 7187950419 5223849515 9155024985 6358419102
7033485497 3303492376 6124372243 3920033854 3073799009
3328394688 3487159420 5747318228 9645686788 6714298999
5526679309 7285339386 8971154413 4718909356 6355460245
5887822696 4038580444 7067774996 5518043755 8693845432
9178516301 9154826308 5127730553 9860403572 6584477295
9817946340 4470098430 5851954430 3843250653 6645186271
3876196599 3802733103 7952797271 8771593553 4779306518
3804230589 7467961021 6653485716 3064377277 8281482126
4643611204 6084848636 6518341244 7680274382 4921775059
4204404205 5358219963 7959484434 9256939967 7412338873
3532313657 7928495948 7360366307 5540535312 6329061641
7030489326 4602191083 3953117335 4243557212 9267401566
4082891456 9545120092 6198681632 8529377750 5386299044
4982603601 4443863147 4303517580 6519678108 5646228631
3410837855 8526510327 3128141657 7057882778 5462004433
3218509330 5933341164 5834612485 8373537365 4434963065
7839469698 3759397288 8966991534 9549699346 9853438875
9297880959 9692909823 5344849055 9601196536 4944165539
8594121497 7710639901 4838865095 7643564340 8623971132
9965157291 5530104204 7832697157 4389916767 6421912293
9713016302 3024845247 8104247345 9723674657 7954541567
6694361528 7779073421 3351810140 8136031796 7224000526
4031493469 7963844574 5126084058 5943126959 7008872457
8514037664 9688350443 8345132929 9802399256 9104106455
6087461243 9487718836 4310261318 7404274746 4351636684
8149795238 8229258449 7127746585 3672950320 9977374733
9408702885 3418234432 7514186873 6761360936 9250888140
9473281178 9527718002 4020824972 9178105349 7326377917
9242987887 3117463567 7104041666 4133465012 7382922998
3987745062 4869805038 4329957947 8835200218 8474973085
9084761619 4132680170 9608345177 7559465181 4293993351
9892686929 6115153279 7714824251 3399807710 6385767819
4906209479 5771373769 3310188818 4656659628 8203828428
9131564305 6768124500 8497322283 6143980837 8391825764
5372485782 3508415672 7259548482 3013144931 3271931317
7255877600 8225935343 3595177410 6341656323 8637981713
3794574966 6567345842 5897148813 5771764226 3035267756
5931363724 3012906901 7657923877 3099083327 3218843171
6108557611 4362376856 9361207087 5924585855 8796090936
4022884534 7176118859 7551650777 5307597824 6321749183
8103494106 7126873411 8471047580 4830209276 6329829460
9915729113 7875883050 4955681965 4016907116 8916874290
7731450612 9498473957 9741018635 5199095975 9497105808
7945317814 8206994042 4588913876 6083726099 9266255473
6656412620 9072483119 8281652442 7493019216 3706284315
4789002016 8148916020 6909930137 5122061624 4043419128
9418538223 5635890230 3198531852 4120346952 5422186851
3783852116 3061868267 4709387628 6079297799 4386644871
5516534410 5201816419 5709236889 5953699010 8996479545
4424663692 3594172419 5284671406 7373442559 6311118691
5211606844 9540660303 8324918734 8908849085 4925389030
8449574877 9384969529 4816566059 5136322429 6279499245
5724721581 4409595237 7841779088 8152969430 3980387714
8962046877 8356381070 4361287593 3341838031 3985274558
3318776066 9584179062 3290053798 8961508937 9026820094
8130976967 3310471430 4253772333 4931388582 8387480302
5052669506 8365054605 9350206014 7152083092 7976836725
7855285624 3540590624 8829926423 5900638357 6968785948
7487817255 3272813816 8135795280 9051303466 8160767009
8687400852 6166554603 4132861883 5164796590 4083838267
3261103385 9216724687 5322914560 3605113734 7529744007
5508340540 9754508372 4309652997 9729563548 4054282747
7755134866 3664129307 9185659813 9521800870 3851644028
3147144042 7014008214 9578572284 7889919218 3617196173
4461988401 9180388168 4457034016 5417887141 9766047506
6910112511 5850704383 5213690576 7761141849 3374387862
7096888926 7200322590 5485263882 6077567169 4318053028
5689065560 3067434093 6238303687 3758606985 5915707857
3423687318 5850003795 9154615504 5143522272 4841876961
8555573967 9874274641 9892536336 9802643969 7457408663
7975218476 7041173379 3856144291 7922723137 3682999872
8860715270 5063940699 7822223256 7006460491 8998888194
9858582614 3360943452 6985866531 7136192077 5728390035
8093399059 6285434955 6370805290 5020491314 4663215635
4733485145 3280345452 5053593058 8328769941 3927555291
7512440264 6229199408 5246887504 5595619807 7784680316
8487053056 3486512000 6079209754 6213779415 4734073579
5874396690 6824834604 3962130978 3873376179 3690552514
4925415842 7884292588 4026239030 3714639642 7295601966
6683056891 8554676784 4347115768 6373700160 3117220874
4586035633 8646092177 4839467342 9191344314 3819165989
4597409349 3871909149 3975536135 4171521293 3016016324
9620438514 6589906859 8895767121 4156068819 8732504801
7702451217 8486369797 3919799706 8673990199 8966361439
8747041575 3700920106 9869909313 6000077412 7837072529
4721719995 6156176904 7720295572 4616250690 6582447093
6968871090 3056605509 7538775255 5350471494 8744077033
5380887078 4718585967 6682204699 4338123944 5049288049
3932785697 7668267703 5599132513 4523271148 4028911748
4831442396 5831021498 9486987629 8774852243 5686454853
8160838510 9307935106 9166940416 7719568442 5594382055
7213870090 7481622559 3955789078 3142724530 4117837439
5821260321 8175002195 5910035332 6761911493 6728688570
7217584271 9543040012 3416467898 9623813966 7452256634
3046231980 8713513410 9527960159 6017119544 6953292348
5081813878 4165347496 9088565533 8218293993 4822210205
4744938294 7084421821 7818815393 8218939524 8745451326
3180048060 9127621449 9745060265 9446951938 4699339980
6654734263 3130179825 7965414710 6189999713 4442812310
9544817534 8898440961 7771650977 3187685220 3219514448
8555968785 7901490235 4918931394 8074880716 6905724355
7437563211 5929272192 7658034769 4709721427 4120714676
7185296827 8182014789 3868069436 3819225973 8899149928
5495472324 7673435260 9292178658 6389147113 8617934123
9694722234 8626338520 5050710130 7571218187 4615352869
9558279941 7683716850 5961394283 4427519945 8728010644
5330734180 3440095282 8769557933 5614555331 4341305865
5159831491 9428983847 8874267357 4986658507 9680441580
5550517576 7125668120 6934451009 6693660163 8701767468
4699283776 7671736189 5563361151 9271251828 9390509063
4145684607 5381125161 6307246614 9185572936 7180121531
3819066184 5019116657 5524425389 6567995316 8574779140
9945586393 5632546297 8321273759 9608408864 6730382687
5396346562 6849115490 6495986497 6489595033 5626783730
5477425422 8206858597 8487154671 9651033649 9929917398
3697024120 8642070427 6574776562 9167711705 5448184146
9570980381 4381476514 7943454067 4240441386 6956520401
3079788222 9134756559 8008202073 4410750120 3497554179
6447294122 4338263229 4492879656 8290126875 9759796503
9935928862 7240553324 7300719070 7134169341 7026344825
5153545208 7101632852 7074415363 3446805595 6177947832
8482262261 7404174345 8724934358 6752886105 3089249439
4924097094 7125281762 3976203945 5247375378 8008239976
9491993003 4081124998 5079542430 4522406349 8847479350
3773868888 4416716866 6038858711 8092599193 9642381977
5506527630 4352042280 8184344553 7296116828 8955195109
3286683740 5912176759 9064517530 4898391115 3610141377
8813927888 6290267615 9176653229 3528029910 5788190857
6103065927 6323808398 5719012679 4737161499 9874409542
8028041655 5380311329 5028901195 3342611832 4051609983
5258586375 5877974496 8006168942 3362857422 6568383215
6163945847 8274121412 8519411819 6070743214 9925109672
7350730181 5358207447 6927491301 3785074153 5072110425
4900696861 5415881392 4963571979 6579822196 3730282138
4661976903 5491761591 5952906364 8307127385 6377154683
6521566261 3594779862 6507540960 8820079564 6954450043
3282351867 8734423443 3470528661 8628479369 5198630231
9066733517 6681332133 9126186072 6554940554 8946688220
7938715910 5760340409 5236602610 8509437059 5814172742
4773920346 8682275782 7738416978 6484946294 8787834956
9728111081 8181987994 4529088616 8528427721 4389365416
4011504953 9621394609 7690576456 5140484373 6110559418
5106929247 8305104279 8760465974 9806431590 7507388002
5301308518 3693287410 8682864343 7370638997 9340464785
4537468605 9654053731 3117170164 5287308798 6175495970
8220705256 3145300053 6317324655 3187519212 7092460812
6761293815 3745885786 4737798933 9771987992 4336855731
7770238758 7853259186 9828199363 6031944073 9978955759
8350485035 5352936312 8460711077 9415517091 6641766516
3643716824 7065006637 3050265066 8364803433 9546954372
9680207050 5037938704 4547019011 5545592010 5598120552
5139159840 9826300113 5242262647 6159546691 7318911430
7892404270 8265807311 8890409015 5168634504 4933745738
4987887227 5826104783 6595982032 5094755162 4815412634
6433510217 7455278912 8934086408 3029631967 8637378610
3792052821 7251790637 3036234277 5098038068 8448837171
4333258368 5050142086 4531561868 8566444631 4746168766
8490961921 5765783519 4436621995 4305585752 4444606174
7093934078 8195753798 9902645173 4372723715 7209064668
4552810432 7912434238 3483499593 8655026308 3108950658
8609649419 6411509466 7687552586 7950940229 8512735237
5476937759 4533880711 5704364917 5475144123 4028605978
3446159826 4360794778 8745654389 3920817268 8895402885
6561375180 3220285420 6252817129 9149058820 6916830143
9963248757 4096184354 6714274785 5601189225 3035173070
7770514317 9722672436 5812890215 6068318002 6237514146
5349119661 6887134984 4038284575 3027693574 6783439480
8201351029 3371533276 3517153173 5788014531 7447361708
9073496661 7563239825 9415597117 7763931066 5126005568
9967786589 7198761111 4107434696 3518041823 9709516265
3774193888 6951516220 7007187905 8209060420 7095106719
6223186642 7980681017 6107242326 6513755050 6448412533
5403277667 8562515776 5882270719 8003315781 8961240902
3008409535 4977645818 5343414093 6205359706 6951328637
6372571843 7988708429 5213646303 7534154151 7581516943
4804131198 7544879156 5961601774 7386845670 3265273308
5601430058 5648000119 6419756604 7102141108 6564188958
5471989761 9944641992 3850856105 9621467161 3992818182
9551515149 8622822623 9771706139 4363745489 6234584622
5975136032 4308637438 9248352413 7940755327 7472370051
3046241023 8647289598 5010836289 6388763655 3556454693
6589335131 5960155978 9594210658 7221766521 3956347736
8690359443 3382836334 6020638563 7723135672 8207556922
6272493901 3797340526 5081767025 3527414563 5381182801
8242687743 4526825271 6746913723 3873665137 4628427784
8642253011 8782736741 6418487918 6732308961 8219054654
9683178203 3084378846 4952592272 6298304335 5359184431
4107039431 9635223009 5418764540 4941518032 6033794012
7742709550 4333744288 8495930022 8435070697 9405209551
6263092367 3173910541 7370899010 8319226318 8167491436
3664603182 5401148280 7720185978 9678892630 5756194154
3583161475 7818964641 9166709107 5770156210 7801574544
5450847365 6769193793 9972325434 4344318236 9630719977
3222756994 5069124945 3058758052 8970100611 8918305978
5249764827 4950392535 9159899685 3791305829 9739700788
8739855351 5527141131 3803213504 7797268529 7839015111
6648080780 9611863900 8921428121 4487042420 9196298297
3847497402 6972823472 6990327411 6334533056 3499844718
5214243579 7983356604 8149597021 9742173341 6359552046
7724718482 7428924625 9595881537 4861887032 9955348460
4518560255 3768415496 4716589198 6319377799 8265122316
5996405006 8313978783 4026588499 4240335219 9211649019
5749884471 3158067541 4152231664 6079390579 8287221667
5772639298 4637112617 9006817469 8747705746 6428122260
9615094126 8873780500 5885170361 3451543728 6291119563
8152160987 4245752706 9829189473 8914455820 9079853547
7330340480 6241593574 8483402403 5521301122 7417545307
5363570879 9785320593 7784052368 9436549606 4155621572
6894980690 8937737281 6434417439 4094117024 6345150928
9233120168 5700027212 5144331505 6772574995 6135408011
3204837774 4418382600 9589524096 5981681871 5266599808
6885982605 9688035597 7808143815 3230419310 9009682724
6560981478 4026035102 7216134570 8398585160 5056244957
6841192202 4886699409 9592023381 3984056122 8778765473
6344598724 3635628972 5229591190 5134792995 4033399021
6186800989 4809845925 3957085277 5553585029 6286726046
4414762945 7314971663 9265313752 4885687241 6487846402
4163531026 3314472231 7109114523 3549035072 4526173629
5883538440 8136653000 7449686834 9822181385 5039666053
5254766734 7988564318 4520325991 4196016572 3647740726
4146160751 4002866895 5898993473 9996208023 9689302536
3004883528 7118851711 7001756186 9527121690 7763939319
4252857147 3438812174 8444463595 5116486071 6690795651
8522194541 4021700433 5964741924 6197331481 4826176897
7046105917 5602144748 9335405314 4838612865 3472859433
7945662120 4347578378 8842283753 9586208184 4021795064
4412760249 4164574213 4891447375 3208995761 8460604354
7751265838 5936847043 8535108268 3035084645 6337360242
5532291811 7136042927 7639523330 6162411008 6207097824
6965114242 6140066218 4873276324 5970582375 6687269763
9735874392 5641646638 8578100814 7933911557 5885703907
6269231493 9075308153 4655944006 5005353364 3959811007
4089913979 4585743894 9354969149 3665177834 4765886266
7145322233 5233479862 9759860695 3036492133 8679381231
